Prototype NMUM e10.4
Domain: x=[ 0.00, 1.00] t=[  0.0,  0.1]
Domain size (x, Time) = 00011x00011
        Grid: 0.000000E+00 1.000000E-01 2.000000E-01 3.000000E-01 4.000000E-01 5.000000E-01 6.000000E-01 7.000000E-01 8.000000E-01 9.000000E-01 1.000000E+00
 0.000000E+00 0.000000E+00 1.118034E+00 1.538842E+00 1.118034E+00 3.632713E-01 0.000000E+00 3.632713E-01 1.118034E+00 1.538842E+00 1.118034E+00 0.000000E+00
 1.000000E-02 0.000000E+00 7.414711E-01 9.621665E-01 8.711268E-01 6.202275E-01 4.917494E-01 6.202275E-01 8.711268E-01 9.621665E-01 7.414711E-01 0.000000E+00
 2.000000E-02 0.000000E+00 4.964059E-01 7.139880E-01 7.469482E-01 6.914109E-01 6.558192E-01 6.914109E-01 7.469482E-01 7.139880E-01 4.964059E-01 0.000000E+00
 3.000000E-02 0.000000E+00 3.758893E-01 5.714956E-01 6.667387E-01 6.900605E-01 6.907357E-01 6.900605E-01 6.667387E-01 5.714956E-01 3.758893E-01 0.000000E+00
 4.000000E-02 0.000000E+00 3.076080E-01 4.880623E-01 6.020130E-01 6.584336E-01 6.742470E-01 6.584336E-01 6.020130E-01 4.880623E-01 3.076080E-01 0.000000E+00
 5.000000E-02 0.000000E+00 2.655458E-01 4.308326E-01 5.481636E-01 6.153258E-01 6.368797E-01 6.153258E-01 5.481636E-01 4.308326E-01 2.655458E-01 0.000000E+00
 6.000000E-02 0.000000E+00 2.359592E-01 3.876279E-01 5.008430E-01 5.695855E-01 5.924557E-01 5.695855E-01 5.008430E-01 3.876279E-01 2.359592E-01 0.000000E+00
 7.000000E-02 0.000000E+00 2.129843E-01 3.520734E-01 4.585073E-01 5.247425E-01 5.471640E-01 5.247425E-01 4.585073E-01 3.520734E-01 2.129843E-01 0.000000E+00
 8.000000E-02 0.000000E+00 1.937782E-01 3.213486E-01 4.201245E-01 4.823334E-01 5.035380E-01 4.823334E-01 4.201245E-01 3.213486E-01 1.937782E-01 0.000000E+00
 9.000000E-02 0.000000E+00 1.770150E-01 2.940133E-01 3.851356E-01 4.428471E-01 4.625903E-01 4.428471E-01 3.851356E-01 2.940133E-01 1.770150E-01 0.000000E+00
 1.000000E-01 0.000000E+00 1.620256E-01 2.693289E-01 3.531394E-01 4.063682E-01 4.246076E-01 4.063682E-01 3.531394E-01 2.693289E-01 1.620256E-01 0.000000E+00
